+----+---------+--------+--------+-------+--------+--------------+-------+---------+--------+--------+--------+---------------------+
|    |   order |   scan | name   |   att |   coll |   wavelength |   det |   det_y |   temp |   moni |   time | name_hdf            |
|----+---------+--------+--------+-------+--------+--------------+-------+---------+--------+--------+--------+---------------------|
|  0 |       0 | 080329 | mask   |     0 |      6 |  4.99819e-09 |   1.6 |       0 |  25.01 |     20 |  34.09 | sans2021n080329.hdf |
|  1 |       1 | 080330 | mask   |     2 |      6 |  4.99997e-09 |   1.6 |       0 |  25    |     10 |  17.02 | sans2021n080330.hdf |
|  2 |      11 | 080341 | Cd     |     0 |      6 |  5.00033e-09 |   1.6 |       0 |  25.01 |    100 | 173.03 | sans2021n080341.hdf |
|  3 |      12 | 080342 | EC     |     0 |      6 |  5.0023e-09  |   1.6 |       0 |  25    |    500 | 860.35 | sans2021n080342.hdf |
|  4 |      13 | 080343 | H2O    |     0 |      6 |  5.00105e-09 |   1.6 |       0 |  24.97 |    500 | 869.72 | sans2021n080343.hdf |
|  5 |     113 | 080458 | V      |     0 |      6 |  4.99747e-09 |   1.6 |       0 |  29.99 |    500 | 234.86 | sans2021n080458.hdf |
+----+---------+--------+--------+-------+--------+--------------+-------+---------+--------+--------+--------+---------------------+
