+-----+---------+--------+--------+-------+--------+--------------+-------+---------+--------+--------+---------+---------------------+
|     |   order |   scan | name   |   att |   coll |   wavelength |   det |   det_y |   temp |   moni |    time | name_hdf            |
|-----+---------+--------+--------+-------+--------+--------------+-------+---------+--------+--------+---------+---------------------|
|   0 |       0 | 080329 | mask   |     0 |    6   |  4.99819e-09 |   1.6 |     0   |  25.01 |     20 |   34.09 | sans2021n080329.hdf |
|   1 |       1 | 080330 | mask   |     2 |    6   |  4.99997e-09 |   1.6 |     0   |  25    |     10 |   17.02 | sans2021n080330.hdf |
|   2 |       2 | 080332 | mask   |     0 |    4.5 |  5.00158e-09 |   4.5 |     0   |  25    |     20 |   33.97 | sans2021n080332.hdf |
|   3 |       3 | 080333 | mask   |     2 |    4.5 |  5.00051e-09 |   4.5 |     0   |  24.99 |     10 |   17.01 | sans2021n080333.hdf |
|   4 |       4 | 080334 | EB     |     2 |    4.5 |  4.99747e-09 |   4.5 |     0   |  25.63 |     10 |   16.97 | sans2021n080334.hdf |
|   5 |       5 | 080335 | Cd     |     2 |    4.5 |  4.99747e-09 |   4.5 |     0   |  25.37 |     10 |   16.95 | sans2021n080335.hdf |
|   6 |       6 | 080336 | EC     |     2 |    4.5 |  4.99872e-09 |   4.5 |     0   |  25.11 |     10 |   18.13 | sans2021n080336.hdf |
|   7 |       7 | 080337 | H2O    |     2 |    4.5 |  4.99872e-09 |   4.5 |     0   |  25    |     10 |   17    | sans2021n080337.hdf |
|   8 |       8 | 080338 | Cd     |     0 |    4.5 |  4.99926e-09 |   4.5 |     0   |  25    |    100 |  170.71 | sans2021n080338.hdf |
|   9 |       9 | 080339 | EC     |     0 |    4.5 |  5.0023e-09  |   4.5 |     0   |  25    |    500 |  861.77 | sans2021n080339.hdf |
|  10 |      10 | 080340 | H2O    |     0 |    4.5 |  5.00105e-09 |   4.5 |     0   |  25    |    500 |  860.8  | sans2021n080340.hdf |
|  11 |      11 | 080341 | Cd     |     0 |    6   |  5.00033e-09 |   1.6 |     0   |  25.01 |    100 |  173.03 | sans2021n080341.hdf |
|  12 |      12 | 080342 | EC     |     0 |    6   |  5.0023e-09  |   1.6 |     0   |  25    |    500 |  860.35 | sans2021n080342.hdf |
|  13 |      13 | 080343 | H2O    |     0 |    6   |  5.00105e-09 |   1.6 |     0   |  24.97 |    500 |  869.72 | sans2021n080343.hdf |
|  14 |      14 | 080346 | EC     |     0 |    4.5 |  5.0023e-09  |   4.5 |     0   |  25.02 |     10 |    8.31 | sans2021n080346.hdf |
|  15 |      15 | 080347 | G      |     0 |    4.5 |  5.0023e-09  |   4.5 |     0   |  25.01 |     10 |   16.99 | sans2021n080347.hdf |
|  16 |      16 | 080348 | G      |     0 |    4.5 |  4.99819e-09 |   4.5 |     0   |  24.99 |     10 |   19.68 | sans2021n080348.hdf |
|  17 |      17 | 080349 | G      |     0 |    4.5 |  5.00105e-09 |   4.5 |     0   |  25    |     10 |   17.04 | sans2021n080349.hdf |
|  18 |      18 | 080350 | A      |     2 |    4.5 |  5.0023e-09  |   4.5 |     0   |  24.99 |     10 |   16.91 | sans2021n080350.hdf |
|  19 |      19 | 080351 | B      |     2 |    4.5 |  5.0023e-09  |   4.5 |     0   |  24.97 |     10 |   19.25 | sans2021n080351.hdf |
|  20 |      20 | 080352 | C      |     2 |    4.5 |  5.00284e-09 |   4.5 |     0   |  25    |     10 |   16.96 | sans2021n080352.hdf |
|  21 |      21 | 080353 | D      |     2 |    4.5 |  5.00284e-09 |   4.5 |     0   |  25.01 |     10 |   17.03 | sans2021n080353.hdf |
|  22 |      22 | 080354 | E      |     2 |    4.5 |  5.00176e-09 |   4.5 |     0   |  24.98 |     10 |   16.93 | sans2021n080354.hdf |
|  23 |      23 | 080355 | F      |     2 |    4.5 |  5.00176e-09 |   4.5 |     0   |  25.02 |     10 |   17.07 | sans2021n080355.hdf |
|  24 |      24 | 080356 | G      |     2 |    4.5 |  4.99819e-09 |   4.5 |     0   |  25.04 |     10 |   17.07 | sans2021n080356.hdf |
|  25 |      25 | 080357 | H      |     2 |    4.5 |  4.99819e-09 |   4.5 |     0   |  25.03 |     10 |   16.95 | sans2021n080357.hdf |
|  26 |      26 | 080358 | I      |     2 |    4.5 |  4.99926e-09 |   4.5 |     0   |  25.03 |     10 |   16.96 | sans2021n080358.hdf |
|  27 |      27 | 080359 | J      |     2 |    4.5 |  4.99926e-09 |   4.5 |     0   |  25.03 |     10 |   17.02 | sans2021n080359.hdf |
|  28 |      28 | 080360 | K      |     2 |    4.5 |  4.99944e-09 |   4.5 |     0   |  25.01 |     10 |   17.01 | sans2021n080360.hdf |
|  29 |      29 | 080361 | L      |     2 |    4.5 |  4.99944e-09 |   4.5 |     0   |  25    |     10 |   18.31 | sans2021n080361.hdf |
|  30 |      30 | 080362 | M      |     2 |    4.5 |  5.0023e-09  |   4.5 |     0   |  24.99 |     10 |   16.92 | sans2021n080362.hdf |
|  31 |      31 | 080363 | N      |     2 |    4.5 |  5.0023e-09  |   4.5 |     0   |  24.99 |     10 |   17    | sans2021n080363.hdf |
|  32 |      32 | 080364 | O      |     2 |    4.5 |  5.00051e-09 |   4.5 |     0   |  24.98 |     10 |   16.94 | sans2021n080364.hdf |
|  33 |      33 | 080365 | P      |     2 |    4.5 |  5.00051e-09 |   4.5 |     0   |  24.99 |     10 |   16.98 | sans2021n080365.hdf |
|  34 |      34 | 080366 | Q      |     2 |    4.5 |  5.00051e-09 |   4.5 |     0   |  25.01 |     10 |   17.02 | sans2021n080366.hdf |
|  35 |      35 | 080367 | R      |     2 |    4.5 |  5.00051e-09 |   4.5 |     0   |  24.99 |     10 |   16.98 | sans2021n080367.hdf |
|  36 |      36 | 080368 | S      |     2 |    4.5 |  4.99872e-09 |   4.5 |     0   |  25.01 |     10 |   17.02 | sans2021n080368.hdf |
|  37 |      37 | 080369 | T      |     2 |    4.5 |  5.00033e-09 |   4.5 |     0   |  24.99 |     10 |   17.01 | sans2021n080369.hdf |
|  38 |      38 | 080370 | U      |     2 |    4.5 |  5.00033e-09 |   4.5 |     0   |  25.01 |     10 |   19.22 | sans2021n080370.hdf |
|  39 |      39 | 080371 | V      |     2 |    4.5 |  4.99819e-09 |   4.5 |     0   |  25    |     10 |   17.05 | sans2021n080371.hdf |
|  40 |      40 | 080372 | A      |     0 |    4.5 |  5.00051e-09 |   4.5 |     0   |  25    |     10 |   17.04 | sans2021n080372.hdf |
|  41 |      41 | 080373 | B      |     0 |    4.5 |  5.00051e-09 |   4.5 |     0   |  24.99 |     10 |   17.06 | sans2021n080373.hdf |
|  42 |      42 | 080374 | C      |     0 |    4.5 |  4.99997e-09 |   4.5 |     0   |  25.01 |     10 |   17    | sans2021n080374.hdf |
|  43 |      43 | 080375 | D      |     0 |    4.5 |  5.00051e-09 |   4.5 |     0   |  24.99 |     10 |   17.05 | sans2021n080375.hdf |
|  44 |      44 | 080376 | E      |     0 |    4.5 |  5.00051e-09 |   4.5 |     0   |  24.98 |     10 |   17    | sans2021n080376.hdf |
|  45 |      45 | 080377 | F      |     0 |    4.5 |  5.00284e-09 |   4.5 |     0   |  25.01 |     10 |   17.09 | sans2021n080377.hdf |
|  46 |      46 | 080378 | G      |     0 |    4.5 |  5.00284e-09 |   4.5 |     0   |  24.99 |     10 |   19.62 | sans2021n080378.hdf |
|  47 |      47 | 080379 | H      |     0 |    4.5 |  4.99765e-09 |   4.5 |     0   |  24.99 |     10 |   17.02 | sans2021n080379.hdf |
|  48 |      48 | 080380 | I      |     0 |    4.5 |  4.99765e-09 |   4.5 |     0   |  25    |     10 |   17.11 | sans2021n080380.hdf |
|  49 |      49 | 080381 | J      |     0 |    4.5 |  5.00105e-09 |   4.5 |     0   |  25    |     10 |   17.08 | sans2021n080381.hdf |
|  50 |      50 | 080382 | K      |     0 |    4.5 |  5.00105e-09 |   4.5 |     0   |  24.98 |     10 |   16.97 | sans2021n080382.hdf |
|  51 |      51 | 080383 | L      |     0 |    4.5 |  5.00105e-09 |   4.5 |     0   |  24.99 |     10 |   17.05 | sans2021n080383.hdf |
|  52 |      52 | 080384 | M      |     0 |    4.5 |  5.00105e-09 |   4.5 |     0   |  25    |     10 |   17.09 | sans2021n080384.hdf |
|  53 |      53 | 080385 | N      |     0 |    4.5 |  5.00105e-09 |   4.5 |     0   |  25.01 |     10 |   16.96 | sans2021n080385.hdf |
|  54 |      54 | 080386 | O      |     0 |    4.5 |  5.00105e-09 |   4.5 |     0   |  24.99 |     10 |   16.97 | sans2021n080386.hdf |
|  55 |      55 | 080387 | P      |     0 |    4.5 |  5.0023e-09  |   4.5 |     0   |  25.01 |     10 |   17.01 | sans2021n080387.hdf |
|  56 |      56 | 080388 | Q      |     0 |    4.5 |  4.99819e-09 |   4.5 |     0   |  24.98 |     10 |   27.14 | sans2021n080388.hdf |
|  57 |      57 | 080389 | R      |     0 |    4.5 |  4.99819e-09 |   4.5 |     0   |  24.97 |     10 |   17.09 | sans2021n080389.hdf |
|  58 |      58 | 080390 | S      |     0 |    4.5 |  4.99926e-09 |   4.5 |     0   |  24.98 |     10 |   17.1  | sans2021n080390.hdf |
|  59 |      59 | 080391 | T      |     0 |    4.5 |  4.99926e-09 |   4.5 |     0   |  24.99 |     10 |   16.96 | sans2021n080391.hdf |
|  60 |      60 | 080392 | U      |     0 |    4.5 |  5.00051e-09 |   4.5 |     0   |  24.96 |     10 |   16.99 | sans2021n080392.hdf |
|  61 |      61 | 080393 | V      |     0 |    4.5 |  5.00051e-09 |   4.5 |     0   |  24.99 |     10 |   17.02 | sans2021n080393.hdf |
|  62 |      62 | 080394 | A      |     0 |    4.5 |  5.00105e-09 |   4.5 |     0   |  25.02 |    500 |  858.99 | sans2021n080394.hdf |
|  63 |      63 | 080395 | B      |     0 |    4.5 |  5.0023e-09  |   4.5 |     0   |  25.01 |    500 |  859.49 | sans2021n080395.hdf |
|  64 |      64 | 080396 | C      |     0 |    4.5 |  4.99926e-09 |   4.5 |     0   |  25.01 |    500 |  859.06 | sans2021n080396.hdf |
|  65 |      65 | 080397 | D      |     0 |    4.5 |  5.00105e-09 |   4.5 |     0   |  24.98 |    500 |  860.62 | sans2021n080397.hdf |
|  66 |      66 | 080398 | E      |     0 |    4.5 |  4.99819e-09 |   4.5 |     0   |  24.99 |    500 |  869.47 | sans2021n080398.hdf |
|  67 |      67 | 080399 | F      |     0 |    4.5 |  4.99872e-09 |   4.5 |     0   |  25.02 |    500 |  858.07 | sans2021n080399.hdf |
|  68 |      68 | 080400 | G      |     0 |    4.5 |  5.00105e-09 |   4.5 |     0   |  25    |    500 |  860.05 | sans2021n080400.hdf |
|  69 |      69 | 080401 | H      |     0 |    4.5 |  5.00158e-09 |   4.5 |     0   |  25    |    500 |   49.03 | sans2021n080401.hdf |
|  70 |      70 | 080409 | mask   |     0 |   18   |  5.00158e-09 |  18   |     0.4 |  24.99 |     20 |   34.35 | sans2021n080409.hdf |
|  71 |      71 | 080410 | EB     |     1 |   18   |  4.99997e-09 |  18   |     0.4 |  24.99 |     10 |   18.47 | sans2021n080410.hdf |
|  72 |      72 | 080411 | Cd     |     0 |   18   |  4.99872e-09 |  18   |     0.4 |  24.99 |    100 |  170.99 | sans2021n080411.hdf |
|  73 |      73 | 080412 | EC     |     0 |   18   |  4.99926e-09 |  18   |     0.4 |  25    |    500 |  868.54 | sans2021n080412.hdf |
|  74 |      74 | 080413 | J      |     0 |   18   |  4.99872e-09 |  18   |     0.4 |  24.99 |   1000 | 1716.81 | sans2021n080413.hdf |
|  75 |      75 | 080414 | K      |     0 |   18   |  4.99872e-09 |  18   |     0.4 |  24.99 |   1000 | 1726.18 | sans2021n080414.hdf |
|  76 |      76 | 080415 | L      |     0 |   18   |  4.99979e-09 |  18   |     0.4 |  25    |   1000 | 1725.64 | sans2021n080415.hdf |
|  77 |      77 | 080416 | M      |     0 |   18   |  4.99926e-09 |  18   |     0.4 |  25.01 |   1000 | 1714.11 | sans2021n080416.hdf |
|  78 |      78 | 080417 | N      |     0 |   18   |  5.0023e-09  |  18   |     0.4 |  25.01 |   1000 | 1681.89 | sans2021n080417.hdf |
|  79 |      79 | 080418 | O      |     0 |   18   |  5.00105e-09 |  18   |     0.4 |  25.01 |   1000 | 1681.46 | sans2021n080418.hdf |
|  80 |      80 | 080419 | P      |     0 |   18   |  4.99872e-09 |  18   |     0.4 |  25    |   1000 | 1675.94 | sans2021n080419.hdf |
|  81 |      81 | 080420 | Q      |     0 |   18   |  4.99926e-09 |  18   |     0.4 |  24.99 |   1000 | 1679    | sans2021n080420.hdf |
|  82 |      82 | 080421 | R      |     0 |   18   |  5.00105e-09 |  18   |     0.4 |  25.01 |   1000 | 1687.45 | sans2021n080421.hdf |
|  83 |      83 | 080422 | S      |     0 |   18   |  4.99979e-09 |  18   |     0.4 |  25.01 |   1000 | 1686.37 | sans2021n080422.hdf |
|  84 |      84 | 080423 | T      |     0 |   18   |  4.99747e-09 |  18   |     0.4 |  25.01 |   1000 | 1686.25 | sans2021n080423.hdf |
|  85 |      85 | 080424 | U      |     0 |   18   |  5.00284e-09 |  18   |     0.4 |  24.97 |   1000 | 1687.81 | sans2021n080424.hdf |
|  86 |      86 | 080425 | V      |     0 |   18   |  5.00105e-09 |  18   |     0.4 |  25.01 |   1000 | 1678.47 | sans2021n080425.hdf |
|  87 |      87 | 080426 | EC     |     0 |   18   |  4.99747e-09 |  18   |     0.4 |  25.01 |   1000 | 1681.15 | sans2021n080426.hdf |
|  88 |      88 | 080427 | A      |     0 |   18   |  5.00051e-09 |  18   |     0.4 |  24.99 |   1000 | 1675.75 | sans2021n080427.hdf |
|  89 |      89 | 080428 | B      |     0 |   18   |  4.99979e-09 |  18   |     0.4 |  24.97 |   1000 | 1682.2  | sans2021n080428.hdf |
|  90 |      90 | 080429 | C      |     0 |   18   |  4.99926e-09 |  18   |     0.4 |  24.99 |   1000 | 1680.89 | sans2021n080429.hdf |
|  91 |      91 | 080430 | D      |     0 |   18   |  4.99819e-09 |  18   |     0.4 |  24.98 |   1000 | 1679.55 | sans2021n080430.hdf |
|  92 |      92 | 080431 | E      |     0 |   18   |  5.0023e-09  |  18   |     0.4 |  25    |   1000 | 1669.8  | sans2021n080431.hdf |
|  93 |      93 | 080432 | F      |     0 |   18   |  5.00105e-09 |  18   |     0.4 |  25.01 |   1000 | 1670.02 | sans2021n080432.hdf |
|  94 |      94 | 080433 | G      |     0 |   18   |  4.99872e-09 |  18   |     0.4 |  25.02 |   1000 | 1672.28 | sans2021n080433.hdf |
|  95 |      95 | 080434 | H      |     0 |   18   |  4.99872e-09 |  18   |     0.4 |  25.01 |   1000 | 1690.62 | sans2021n080434.hdf |
|  96 |      96 | 080435 | I      |     0 |   18   |  4.99872e-09 |  18   |     0.4 |  25    |   1000 | 1744.46 | sans2021n080435.hdf |
|  97 |      97 | 080436 | H      |     0 |    4.5 |  5.00105e-09 |   4.5 |     0   |  25.01 |    500 |  859.3  | sans2021n080436.hdf |
|  98 |      98 | 080437 | I      |     0 |    4.5 |  5.0023e-09  |   4.5 |     0   |  25.01 |    500 |  859.74 | sans2021n080437.hdf |
|  99 |      99 | 080438 | J      |     0 |    4.5 |  4.99926e-09 |   4.5 |     0   |  25    |   1000 | 1720.98 | sans2021n080438.hdf |
| 100 |     100 | 080439 | K      |     0 |    4.5 |  5.00105e-09 |   4.5 |     0   |  25    |    500 |  862.65 | sans2021n080439.hdf |
| 101 |     101 | 080440 | L      |     0 |    4.5 |  5.00051e-09 |   4.5 |     0   |  25    |    500 |  870.2  | sans2021n080440.hdf |
| 102 |     102 | 080441 | M      |     0 |    4.5 |  4.99765e-09 |   4.5 |     0   |  24.98 |   1000 | 1719.36 | sans2021n080441.hdf |
| 103 |     103 | 080442 | N      |     0 |    4.5 |  4.99926e-09 |   4.5 |     0   |  25    |   1000 | 1743.4  | sans2021n080442.hdf |
| 104 |     104 | 080443 | O      |     0 |    4.5 |  5.00051e-09 |   4.5 |     0   |  25    |    500 |  859.41 | sans2021n080443.hdf |
| 105 |     105 | 080444 | P      |     0 |    4.5 |  5.00051e-09 |   4.5 |     0   |  24.99 |    500 |  859.98 | sans2021n080444.hdf |
| 106 |     106 | 080445 | Q      |     0 |    4.5 |  5.00033e-09 |   4.5 |     0   |  24.98 |    500 |  859.82 | sans2021n080445.hdf |
| 107 |     107 | 080446 | R      |     0 |    4.5 |  5.00158e-09 |   4.5 |     0   |  25    |    500 |  864.68 | sans2021n080446.hdf |
| 108 |     108 | 080447 | S      |     0 |    4.5 |  5.0023e-09  |   4.5 |     0   |  25    |   1000 | 1676.99 | sans2021n080447.hdf |
| 109 |     109 | 080448 | T      |     0 |    4.5 |  4.99872e-09 |   4.5 |     0   |  24.98 |   1000 | 1686.14 | sans2021n080448.hdf |
| 110 |     110 | 080449 | U      |     0 |    4.5 |  4.99997e-09 |   4.5 |     0   |  24.98 |    500 |  838.87 | sans2021n080449.hdf |
| 111 |     111 | 080450 | V      |     0 |    4.5 |  5.00105e-09 |   4.5 |     0   |  25    |    500 |  838.67 | sans2021n080450.hdf |
| 112 |     112 | 080451 | EC     |     0 |    4.5 |  5.00105e-09 |   4.5 |     0   |  24.99 |   2000 |  622.7  | sans2021n080451.hdf |
| 113 |     113 | 080458 | V      |     0 |    6   |  4.99747e-09 |   1.6 |     0   |  29.99 |    500 |  234.86 | sans2021n080458.hdf |
+-----+---------+--------+--------+-------+--------+--------------+-------+---------+--------+--------+---------+---------------------+
